0 1.286449399656947e-04
1 3.473413379073757e-04
2 1.286449399656947e-04
3 1.331514732410999e-04
4 1.294733354124435e-04
5 1.294733354124435e-04
6 1.294733354124435e-04
7 1.294733354124435e-04
8 1.306749639725626e-04
9 1.294733354124435e-04
10 1.294733354124435e-04
11 1.294733354124435e-04
12 1.294733354124435e-04
13 1.294733354124435e-04
14 1.310321123065430e-04
15 1.294733354124435e-04
16 1.294733354124435e-04
17 1.294733354124435e-04
18 1.294733354124435e-04
19 1.294733354124435e-04
20 1.294733354124435e-04
21 1.294733354124435e-04
22 1.294733354124435e-04
23 1.294733354124435e-04
24 1.294733354124435e-04
25 1.294733354124435e-04
26 1.294733354124435e-04
27 1.294733354124435e-04
28 1.294733354124435e-04
29 1.294733354124435e-04
30 1.294733354124435e-04
31 1.294733354124435e-04
32 1.294733354124435e-04
33 1.294733354124435e-04
34 1.294733354124435e-04
35 1.294733354124435e-04
36 1.294733354124435e-04
37 1.294733354124435e-04
38 1.294733354124435e-04
39 1.294733354124435e-04
40 1.294733354124435e-04
41 1.294733354124435e-04
42 1.294733354124435e-04
43 1.294733354124435e-04
44 1.294733354124435e-04
45 1.294733354124435e-04
46 1.294733354124435e-04
47 1.294733354124435e-04
48 1.294733354124435e-04
49 1.294733354124435e-04
50 1.294733354124435e-04
51 1.294733354124435e-04
52 1.294733354124435e-04
53 1.294733354124435e-04
54 1.294733354124435e-04
55 1.294733354124435e-04
56 1.294733354124435e-04
57 1.294733354124435e-04
58 1.294733354124435e-04
59 1.294733354124435e-04
60 1.294733354124435e-04
61 1.306749639725626e-04
62 1.294733354124435e-04
63 1.294733354124435e-04
64 1.294733354124435e-04
65 1.294733354124435e-04
66 1.294733354124435e-04
67 1.294733354124435e-04
68 1.294733354124435e-04
69 1.294733354124435e-04
70 1.294733354124435e-04
71 1.294733354124435e-04
72 1.294733354124435e-04
73 1.294733354124435e-04
74 1.294733354124435e-04
75 1.294733354124435e-04
76 1.294733354124435e-04
77 1.294733354124435e-04
78 1.294733354124435e-04
79 1.294733354124435e-04
80 1.294733354124435e-04
81 1.294733354124435e-04
82 1.294733354124435e-04
83 1.294733354124435e-04
84 1.294733354124435e-04
85 1.294733354124435e-04
86 1.294733354124435e-04
87 1.294733354124435e-04
88 1.294733354124435e-04
89 1.294733354124435e-04
90 1.294733354124435e-04
91 1.294733354124435e-04
92 1.294733354124435e-04
93 1.294733354124435e-04
94 1.294733354124435e-04
95 1.294733354124435e-04
96 1.294733354124435e-04
97 1.294733354124435e-04
98 1.294733354124435e-04
99 1.294733354124435e-04
100 1.294733354124435e-04
101 1.294733354124435e-04
102 1.294733354124435e-04
103 1.294733354124435e-04
104 1.294733354124435e-04
105 1.294733354124435e-04
106 1.294733354124435e-04
107 1.294733354124435e-04
108 1.294733354124435e-04
109 1.294733354124435e-04
110 1.294733354124435e-04
111 1.294733354124435e-04
112 1.294733354124435e-04
113 1.294733354124435e-04
114 1.294733354124435e-04
115 1.294733354124435e-04
116 1.294733354124435e-04
117 1.294733354124435e-04
118 1.294733354124435e-04
119 1.294733354124435e-04
120 1.294733354124435e-04
121 1.294733354124435e-04
122 1.294733354124435e-04
123 1.294733354124435e-04
124 1.294733354124435e-04
125 1.294733354124435e-04
126 1.294733354124435e-04
127 1.294733354124435e-04
128 1.294733354124435e-04
129 1.294733354124435e-04
130 1.294733354124435e-04
131 1.294733354124435e-04
132 1.294733354124435e-04
133 1.294733354124435e-04
134 1.294733354124435e-04
135 1.286449399656947e-04
136 1.286449399656947e-04
137 1.290894448395599e-04
138 1.290894448395599e-04
139 1.290894448395599e-04
140 1.290894448395599e-04
141 1.290894448395599e-04
142 1.290894448395599e-04
143 1.290894448395599e-04
144 1.290894448395599e-04
145 1.290894448395599e-04
146 1.290894448395599e-04
147 1.290894448395599e-04
148 1.290894448395599e-04
149 1.290894448395599e-04
150 1.290894448395599e-04
151 1.290894448395599e-04
152 1.290894448395599e-04
153 1.290894448395599e-04
154 1.290894448395599e-04
155 1.290894448395599e-04
156 1.290894448395599e-04
157 1.290894448395599e-04
158 1.290894448395599e-04
159 1.290894448395599e-04
160 1.290894448395599e-04
161 1.290894448395599e-04
162 1.290894448395599e-04
163 1.290894448395599e-04
164 1.290894448395599e-04
165 1.290894448395599e-04
166 1.290894448395599e-04
167 1.290894448395599e-04
168 1.290894448395599e-04
169 1.290894448395599e-04
170 1.290894448395599e-04
171 1.290894448395599e-04
172 1.290894448395599e-04
173 1.290894448395599e-04
174 1.290894448395599e-04
175 1.290894448395599e-04
176 1.290894448395599e-04
177 1.290894448395599e-04
178 1.290894448395599e-04
179 1.290894448395599e-04
180 1.290894448395599e-04
181 1.290894448395599e-04
182 1.290894448395599e-04
183 1.290894448395599e-04
184 1.290894448395599e-04
185 1.290894448395599e-04
186 1.290894448395599e-04
187 1.290894448395599e-04
188 1.290894448395599e-04
189 1.290894448395599e-04
190 1.290894448395599e-04
191 1.290894448395599e-04
192 1.290894448395599e-04
193 1.290894448395599e-04
194 1.290894448395599e-04
195 1.290894448395599e-04
196 1.290894448395599e-04
197 1.290894448395599e-04
198 1.290894448395599e-04
199 1.290894448395599e-04
200 1.290894448395599e-04
201 1.290894448395599e-04
202 1.290894448395599e-04
203 1.290894448395599e-04
204 1.290894448395599e-04
205 1.290894448395599e-04
206 1.290894448395599e-04
207 1.290894448395599e-04
208 1.290894448395599e-04
209 1.290894448395599e-04
210 1.290894448395599e-04
211 1.290894448395599e-04
212 1.290894448395599e-04
213 1.290894448395599e-04
214 1.290894448395599e-04
215 1.290894448395599e-04
216 1.290894448395599e-04
217 1.290894448395599e-04
218 1.290894448395599e-04
219 1.290894448395599e-04
220 1.290894448395599e-04
221 1.290894448395599e-04
222 1.290894448395599e-04
223 1.290894448395599e-04
224 1.290894448395599e-04
225 1.290894448395599e-04
226 1.290894448395599e-04
227 1.290894448395599e-04
228 1.290894448395599e-04
229 1.290894448395599e-04
230 1.290894448395599e-04
231 1.290894448395599e-04
232 1.290894448395599e-04
233 1.290894448395599e-04
234 1.290894448395599e-04
235 1.290894448395599e-04
236 1.290894448395599e-04
237 1.290894448395599e-04
238 1.290894448395599e-04
239 1.290894448395599e-04
240 1.290894448395599e-04
241 1.290894448395599e-04
242 1.290894448395599e-04
243 1.290894448395599e-04
244 1.290894448395599e-04
245 1.290894448395599e-04
246 1.290894448395599e-04
247 1.290894448395599e-04
248 1.290894448395599e-04
249 1.290894448395599e-04
250 1.290894448395599e-04
251 1.290894448395599e-04
252 1.290894448395599e-04
253 1.290894448395599e-04
254 1.290894448395599e-04
255 1.290894448395599e-04
256 1.290894448395599e-04
257 1.290894448395599e-04
258 1.290894448395599e-04
259 1.290894448395599e-04
260 1.290894448395599e-04
261 1.290894448395599e-04
262 1.290894448395599e-04
263 1.290894448395599e-04
264 1.290894448395599e-04
265 1.290894448395599e-04
266 1.290894448395599e-04
267 1.290894448395599e-04
268 1.290894448395599e-04
269 1.290894448395599e-04
270 1.290894448395599e-04
271 1.290894448395599e-04
272 1.290894448395599e-04
273 1.290894448395599e-04
274 1.290894448395599e-04
275 1.290894448395599e-04
276 1.290894448395599e-04
277 1.290894448395599e-04
278 1.290894448395599e-04
279 1.290894448395599e-04
280 1.290894448395599e-04
281 1.290894448395599e-04
282 1.290894448395599e-04
283 1.290894448395599e-04
284 1.290894448395599e-04
285 1.290894448395599e-04
286 1.290894448395599e-04
287 1.290894448395599e-04
288 1.290894448395599e-04
289 1.290894448395599e-04
290 1.290894448395599e-04
291 1.290894448395599e-04
292 1.290894448395599e-04
293 1.290894448395599e-04
294 1.290894448395599e-04
295 1.290894448395599e-04
296 1.290894448395599e-04
297 1.290894448395599e-04
298 1.290894448395599e-04
299 1.290894448395599e-04
300 1.290894448395599e-04
301 1.290894448395599e-04
302 1.290894448395599e-04
303 1.290894448395599e-04
304 1.290894448395599e-04
305 1.290894448395599e-04
306 1.290894448395599e-04
307 1.290894448395599e-04
308 1.290894448395599e-04
309 1.290894448395599e-04
310 1.290894448395599e-04
311 1.290894448395599e-04
312 1.290894448395599e-04
313 1.290894448395599e-04
314 1.290894448395599e-04
315 1.290894448395599e-04
316 1.290894448395599e-04
317 1.290894448395599e-04
318 1.290894448395599e-04
319 1.290894448395599e-04
320 1.290894448395599e-04
321 1.290894448395599e-04
322 1.290894448395599e-04
323 1.290894448395599e-04
324 1.290894448395599e-04
325 1.290894448395599e-04
326 1.290894448395599e-04
327 1.290894448395599e-04
328 1.290894448395599e-04
329 1.290894448395599e-04
330 1.290894448395599e-04
331 1.290894448395599e-04
332 1.290894448395599e-04
333 1.290894448395599e-04
334 1.290894448395599e-04
335 1.290894448395599e-04
336 1.290894448395599e-04
337 1.290894448395599e-04
338 1.290894448395599e-04
339 1.290894448395599e-04
340 1.290894448395599e-04
341 1.290894448395599e-04
342 1.290894448395599e-04
343 1.290894448395599e-04
344 1.290894448395599e-04
345 1.290894448395599e-04
346 1.290894448395599e-04
347 1.290894448395599e-04
348 1.290894448395599e-04
349 1.290894448395599e-04
350 1.290894448395599e-04
351 1.290894448395599e-04
352 1.290894448395599e-04
353 1.290894448395599e-04
354 1.290894448395599e-04
355 1.290894448395599e-04
356 1.290894448395599e-04
357 1.290894448395599e-04
358 1.290894448395599e-04
359 1.290894448395599e-04
360 1.290894448395599e-04
361 1.290894448395599e-04
362 1.290894448395599e-04
363 1.290894448395599e-04
364 1.290894448395599e-04
365 1.290894448395599e-04
366 1.290894448395599e-04
367 1.290894448395599e-04
368 1.290894448395599e-04
369 1.290894448395599e-04
370 1.290894448395599e-04
371 1.290894448395599e-04
372 1.290894448395599e-04
373 1.290894448395599e-04
374 1.290894448395599e-04
375 1.290894448395599e-04
376 1.290894448395599e-04
377 1.290894448395599e-04
378 1.290894448395599e-04
379 1.290894448395599e-04
380 1.290894448395599e-04
381 1.290894448395599e-04
382 1.290894448395599e-04
383 1.291531816527569e-04
384 1.291531816527569e-04
385 1.291531816527569e-04
386 1.291531816527569e-04
387 1.291531816527569e-04
388 1.291531816527569e-04
389 1.291531816527569e-04
390 1.291531816527569e-04
391 1.291531816527569e-04
392 1.291531816527569e-04
393 1.291531816527569e-04
394 1.291531816527569e-04
395 1.291531816527569e-04
396 1.291531816527569e-04
397 1.291531816527569e-04
398 1.291531816527569e-04
399 1.291531816527569e-04
400 1.291531816527569e-04
401 1.291531816527569e-04
402 1.291531816527569e-04
403 1.291531816527569e-04
404 1.291531816527569e-04
405 1.291531816527569e-04
406 1.291531816527569e-04
407 1.291531816527569e-04
408 1.291531816527569e-04
409 1.291531816527569e-04
410 1.291531816527569e-04
411 1.291531816527569e-04
412 1.291531816527569e-04
413 1.291531816527569e-04
414 1.291531816527569e-04
415 1.291531816527569e-04
416 1.291531816527569e-04
417 1.291531816527569e-04
418 1.291531816527569e-04
419 1.291531816527569e-04
420 1.291531816527569e-04
421 1.291531816527569e-04
422 1.291531816527569e-04
423 1.291531816527569e-04
424 1.291531816527569e-04
425 1.291531816527569e-04
426 1.291531816527569e-04
427 1.291531816527569e-04
428 1.291531816527569e-04
429 1.291531816527569e-04
430 1.291531816527569e-04
431 1.291531816527569e-04
432 1.291531816527569e-04
433 1.291531816527569e-04
434 1.291531816527569e-04
435 1.291531816527569e-04
436 1.291531816527569e-04
437 1.291531816527569e-04
438 1.291531816527569e-04
439 1.291531816527569e-04
440 1.291531816527569e-04
441 1.291531816527569e-04
442 1.291531816527569e-04
443 1.291531816527569e-04
444 1.291531816527569e-04
445 1.291531816527569e-04
446 1.291531816527569e-04
447 1.291531816527569e-04
448 1.291531816527569e-04
449 1.291531816527569e-04
450 1.291531816527569e-04
451 1.291531816527569e-04
452 1.291531816527569e-04
453 1.291531816527569e-04
454 1.291531816527569e-04
455 1.291531816527569e-04
456 1.291531816527569e-04
457 1.291531816527569e-04
458 1.291531816527569e-04
459 1.291531816527569e-04
460 1.291531816527569e-04
461 1.291531816527569e-04
462 1.291531816527569e-04
463 1.291531816527569e-04
464 1.291531816527569e-04
465 1.291531816527569e-04
466 1.291531816527569e-04
467 1.291531816527569e-04
468 1.291531816527569e-04
469 1.291531816527569e-04
470 1.291531816527569e-04
471 1.291531816527569e-04
472 1.291531816527569e-04
473 1.291531816527569e-04
474 1.291531816527569e-04
475 1.291531816527569e-04
476 1.291531816527569e-04
477 1.291531816527569e-04
478 1.291531816527569e-04
479 1.291531816527569e-04
480 1.291531816527569e-04
481 1.291531816527569e-04
482 1.291531816527569e-04
483 1.291531816527569e-04
484 1.291531816527569e-04
485 1.291531816527569e-04
486 1.291531816527569e-04
487 1.291531816527569e-04
488 1.291531816527569e-04
489 1.291531816527569e-04
490 1.291531816527569e-04
491 1.291531816527569e-04
492 1.291531816527569e-04
493 1.291531816527569e-04
494 1.291531816527569e-04
495 1.291531816527569e-04
496 1.291531816527569e-04
497 1.291531816527569e-04
498 1.291531816527569e-04
499 1.291531816527569e-04
500 1.291531816527569e-04
501 1.291531816527569e-04
502 1.291531816527569e-04
503 1.291531816527569e-04
504 1.291531816527569e-04
505 1.291531816527569e-04
506 1.291531816527569e-04
507 1.291531816527569e-04
508 1.291531816527569e-04
509 1.291531816527569e-04
510 1.291531816527569e-04
511 1.291531816527569e-04
512 1.291531816527569e-04
513 1.291531816527569e-04
514 1.291531816527569e-04
515 1.291531816527569e-04
516 1.291531816527569e-04
517 1.291531816527569e-04
518 1.291531816527569e-04
519 1.291531816527569e-04
520 1.291531816527569e-04
521 1.291531816527569e-04
522 1.291531816527569e-04
523 1.291531816527569e-04
524 1.291531816527569e-04
525 1.291531816527569e-04
526 1.291531816527569e-04
527 1.291531816527569e-04
528 1.291531816527569e-04
529 1.291531816527569e-04
530 1.291531816527569e-04
531 1.291531816527569e-04
532 1.291531816527569e-04
533 1.291531816527569e-04
534 1.291531816527569e-04
535 1.291531816527569e-04
536 1.291531816527569e-04
537 1.291531816527569e-04
538 1.291531816527569e-04
539 1.291531816527569e-04
540 1.291531816527569e-04
541 1.291531816527569e-04
542 1.291531816527569e-04
543 1.291531816527569e-04
544 1.291531816527569e-04
545 1.291531816527569e-04
546 1.291531816527569e-04
547 1.291531816527569e-04
548 1.291531816527569e-04
549 1.291531816527569e-04
550 1.291531816527569e-04
551 1.291531816527569e-04
552 1.291531816527569e-04
553 1.291531816527569e-04
554 1.291531816527569e-04
555 1.291531816527569e-04
556 1.291531816527569e-04
557 1.291531816527569e-04
558 1.291531816527569e-04
559 1.291531816527569e-04
560 1.291531816527569e-04
561 1.291531816527569e-04
562 1.291531816527569e-04
563 1.291531816527569e-04
564 1.291531816527569e-04
565 1.291531816527569e-04
566 1.291531816527569e-04
567 1.291531816527569e-04
568 1.291531816527569e-04
569 1.291531816527569e-04
570 1.291531816527569e-04
571 1.291531816527569e-04
572 1.291531816527569e-04
573 1.291531816527569e-04
574 1.291531816527569e-04
575 1.291531816527569e-04
576 1.291531816527569e-04
577 1.291531816527569e-04
578 1.291531816527569e-04
579 1.291531816527569e-04
580 1.291531816527569e-04
581 1.291531816527569e-04
582 1.291531816527569e-04
583 1.291531816527569e-04
584 1.291531816527569e-04
585 1.291531816527569e-04
586 1.291531816527569e-04
587 1.291531816527569e-04
588 1.291531816527569e-04
589 1.291531816527569e-04
590 1.291531816527569e-04
591 1.291531816527569e-04
592 1.291531816527569e-04
593 1.291531816527569e-04
594 1.291531816527569e-04
595 1.291531816527569e-04
596 1.291531816527569e-04
597 1.291531816527569e-04
598 1.286449399656947e-04
599 1.295197255574614e-04
600 1.295197255574614e-04
601 1.295197255574614e-04
602 1.295197255574614e-04
603 1.295197255574614e-04
604 1.295197255574614e-04
605 1.295197255574614e-04
606 1.295197255574614e-04
607 1.295197255574614e-04
608 1.295197255574614e-04
609 1.295197255574614e-04
610 1.295197255574614e-04
611 1.295197255574614e-04
612 1.295197255574614e-04
613 1.295197255574614e-04
614 1.295197255574614e-04
615 1.295197255574614e-04
616 1.295197255574614e-04
617 1.295197255574614e-04
618 1.295197255574614e-04
619 1.295197255574614e-04
620 1.295197255574614e-04
621 1.295197255574614e-04
622 1.295197255574614e-04
623 1.295197255574614e-04
624 1.295197255574614e-04
625 1.295197255574614e-04
626 1.295197255574614e-04
627 1.295197255574614e-04
628 1.295197255574614e-04
629 1.295197255574614e-04
630 1.295197255574614e-04
631 1.295197255574614e-04
632 1.295197255574614e-04
633 1.295197255574614e-04
634 1.295197255574614e-04
635 1.295197255574614e-04
636 1.295197255574614e-04
637 1.295197255574614e-04
638 1.295197255574614e-04
639 1.295197255574614e-04
640 1.295197255574614e-04
641 1.295197255574614e-04
642 1.295197255574614e-04
643 1.295197255574614e-04
644 1.295197255574614e-04
645 1.295197255574614e-04
646 1.295197255574614e-04
647 1.295197255574614e-04
648 1.295197255574614e-04
649 1.295197255574614e-04
650 1.295197255574614e-04
651 1.295197255574614e-04
652 1.295197255574614e-04
653 1.295197255574614e-04
654 1.295197255574614e-04
655 1.295197255574614e-04
656 1.295197255574614e-04
657 1.295197255574614e-04
658 1.295197255574614e-04
659 1.295197255574614e-04
660 1.295197255574614e-04
661 1.295197255574614e-04
662 1.295197255574614e-04
663 1.295197255574614e-04
664 1.295197255574614e-04
665 1.295197255574614e-04
666 1.295197255574614e-04
667 1.295197255574614e-04
668 1.295197255574614e-04
669 1.295197255574614e-04
670 1.295197255574614e-04
671 1.295197255574614e-04
672 1.295197255574614e-04
673 1.295197255574614e-04
674 1.295197255574614e-04
675 1.295197255574614e-04
676 1.295197255574614e-04
677 1.295197255574614e-04
678 1.295197255574614e-04
679 1.295197255574614e-04
680 1.295197255574614e-04
681 1.295197255574614e-04
682 1.295197255574614e-04
683 1.295197255574614e-04
684 1.295197255574614e-04
685 1.295197255574614e-04
686 1.295197255574614e-04
687 1.307213541175806e-04
688 1.295197255574614e-04
689 1.295197255574614e-04
690 1.295197255574614e-04
691 1.295197255574614e-04
692 1.295197255574614e-04
693 1.295197255574614e-04
694 1.295197255574614e-04
695 1.295197255574614e-04
696 1.295197255574614e-04
697 1.295197255574614e-04
698 1.295197255574614e-04
699 1.295197255574614e-04
700 1.295197255574614e-04
701 1.295197255574614e-04
702 1.295197255574614e-04
703 1.295197255574614e-04
704 1.295197255574614e-04
705 1.295197255574614e-04
706 1.295197255574614e-04
707 1.295197255574614e-04
708 1.295197255574614e-04
709 1.295197255574614e-04
710 1.295197255574614e-04
711 1.295197255574614e-04
712 1.295197255574614e-04
713 1.295197255574614e-04
714 1.295197255574614e-04
715 1.295197255574614e-04
716 1.295197255574614e-04
717 1.295197255574614e-04
718 1.295197255574614e-04
719 1.295197255574614e-04
720 1.295197255574614e-04
721 1.295197255574614e-04
722 1.295197255574614e-04
723 1.286449399656947e-04
724 1.297384219554031e-04
725 1.297384219554031e-04
726 1.297384219554031e-04
727 1.297384219554031e-04
728 1.297384219554031e-04
729 1.297384219554031e-04
730 1.297384219554031e-04
731 1.297384219554031e-04
732 1.297384219554031e-04
733 1.297384219554031e-04
734 1.297384219554031e-04
735 1.297384219554031e-04
736 1.297384219554031e-04
737 1.297384219554031e-04
738 1.297384219554031e-04
739 1.297384219554031e-04
740 1.297384219554031e-04
741 1.297384219554031e-04
742 1.297384219554031e-04
743 1.297384219554031e-04
744 1.297384219554031e-04
745 1.297384219554031e-04
746 1.297384219554031e-04
747 1.297384219554031e-04
748 1.297384219554031e-04
749 1.297384219554031e-04
750 1.297384219554031e-04
751 1.297384219554031e-04
752 1.297384219554031e-04
753 1.297384219554031e-04
754 1.297384219554031e-04
755 1.297384219554031e-04
756 1.297384219554031e-04
757 1.297384219554031e-04
758 1.297384219554031e-04
759 1.297384219554031e-04
760 1.297384219554031e-04
761 1.297384219554031e-04
762 1.297384219554031e-04
763 1.297384219554031e-04
764 1.297384219554031e-04
765 1.297384219554031e-04
766 1.297384219554031e-04
767 1.297384219554031e-04
768 1.297384219554031e-04
769 1.297384219554031e-04
770 1.297384219554031e-04
771 1.297384219554031e-04
772 1.297384219554031e-04
773 1.297384219554031e-04
774 1.297384219554031e-04
775 1.297384219554031e-04
776 1.297384219554031e-04
777 1.297384219554031e-04
778 1.297384219554031e-04
779 1.297384219554031e-04
780 1.297384219554031e-04
781 1.297384219554031e-04
782 1.297384219554031e-04
783 1.297384219554031e-04
784 1.297384219554031e-04
785 1.297384219554031e-04
786 1.297384219554031e-04
787 1.297384219554031e-04
788 1.297384219554031e-04
789 1.297384219554031e-04
790 1.297384219554031e-04
791 1.297384219554031e-04
792 1.297384219554031e-04
793 1.297384219554031e-04
794 1.297384219554031e-04
795 1.297384219554031e-04
796 1.297384219554031e-04
797 1.297384219554031e-04
798 1.297384219554031e-04
799 1.297384219554031e-04
800 1.297384219554031e-04
801 1.297384219554031e-04
802 1.297384219554031e-04
803 1.297384219554031e-04
804 1.297384219554031e-04
805 1.297384219554031e-04
806 1.297384219554031e-04
807 1.297384219554031e-04
808 1.297384219554031e-04
809 1.297384219554031e-04
810 1.297384219554031e-04
811 1.297384219554031e-04
812 1.297384219554031e-04
813 1.297384219554031e-04
814 1.297384219554031e-04
815 1.297384219554031e-04
816 1.297384219554031e-04
817 1.297384219554031e-04
818 1.297384219554031e-04
819 1.297384219554031e-04
820 1.297384219554031e-04
821 1.297384219554031e-04
822 1.297384219554031e-04
823 1.302037168597942e-04
824 1.302037168597942e-04
825 1.302037168597942e-04
826 1.302037168597942e-04
827 1.302037168597942e-04
828 1.302037168597942e-04
829 1.302037168597942e-04
830 1.302037168597942e-04
831 1.302037168597942e-04
832 1.302037168597942e-04
833 1.302037168597942e-04
834 1.302037168597942e-04
835 1.302037168597942e-04
836 1.302037168597942e-04
837 1.302037168597942e-04
838 1.302037168597942e-04
839 1.302037168597942e-04
840 1.302037168597942e-04
841 1.302037168597942e-04
842 1.302037168597942e-04
843 1.302037168597942e-04
844 1.302037168597942e-04
845 1.302037168597942e-04
846 1.302037168597942e-04
847 1.302037168597942e-04
848 1.302037168597942e-04
849 1.302037168597942e-04
850 1.302037168597942e-04
851 1.302037168597942e-04
852 1.302037168597942e-04
853 1.302037168597942e-04
854 1.302037168597942e-04
855 1.302037168597942e-04
856 1.302037168597942e-04
857 1.302037168597942e-04
858 1.302037168597942e-04
859 1.302037168597942e-04
860 1.302037168597942e-04
861 1.302037168597942e-04
862 1.302037168597942e-04
863 1.302037168597942e-04
864 1.302037168597942e-04
865 1.302037168597942e-04
866 1.302037168597942e-04
867 1.302037168597942e-04
868 1.302037168597942e-04
869 1.302037168597942e-04
870 1.302037168597942e-04
871 1.302037168597942e-04
872 1.302037168597942e-04
873 1.302037168597942e-04
874 1.302037168597942e-04
875 1.302037168597942e-04
876 1.302037168597942e-04
877 1.302037168597942e-04
878 1.302037168597942e-04
879 1.302037168597942e-04
880 1.302037168597942e-04
881 1.302037168597942e-04
882 1.302037168597942e-04
883 1.302037168597942e-04
884 1.302037168597942e-04
885 1.302037168597942e-04
886 1.302037168597942e-04
887 1.302037168597942e-04
888 1.302037168597942e-04
889 1.302037168597942e-04
890 1.302037168597942e-04
891 1.302037168597942e-04
892 1.302037168597942e-04
893 1.286449399656947e-04
894 1.298465685258138e-04
895 1.298465685258138e-04
896 1.298465685258138e-04
897 1.298465685258138e-04
898 1.298465685258138e-04
899 1.298465685258138e-04
900 1.298465685258138e-04
901 1.298465685258138e-04
902 1.298465685258138e-04
903 1.298465685258138e-04
904 1.298465685258138e-04
905 1.298465685258138e-04
906 1.298465685258138e-04
907 1.298465685258138e-04
908 1.298465685258138e-04
909 1.298465685258138e-04
910 1.298465685258138e-04
911 1.298465685258138e-04
912 1.298465685258138e-04
913 1.298465685258138e-04
914 1.298465685258138e-04
915 1.298465685258138e-04
916 1.298465685258138e-04
917 1.298465685258138e-04
918 1.298465685258138e-04
919 1.298465685258138e-04
920 1.298465685258138e-04
921 1.298465685258138e-04
922 1.298465685258138e-04
923 1.298465685258138e-04
924 1.298465685258138e-04
925 1.298465685258138e-04
926 1.298465685258138e-04
927 1.298465685258138e-04
928 1.298465685258138e-04
929 1.298465685258138e-04
930 1.298465685258138e-04
931 1.298465685258138e-04
932 1.298465685258138e-04
933 1.298465685258138e-04
934 1.298465685258138e-04
935 1.298465685258138e-04
936 1.298465685258138e-04
937 1.298465685258138e-04
938 1.298465685258138e-04
939 1.298465685258138e-04
940 1.298465685258138e-04
941 1.298465685258138e-04
942 1.298465685258138e-04
943 1.298465685258138e-04
944 1.298465685258138e-04
945 1.298465685258138e-04
946 1.298465685258138e-04
947 1.298465685258138e-04
948 1.298465685258138e-04
949 1.298465685258138e-04
950 1.298465685258138e-04
951 1.298465685258138e-04
952 1.298465685258138e-04
953 1.298465685258138e-04
954 1.298465685258138e-04
955 1.298465685258138e-04
956 1.298465685258138e-04
957 1.298465685258138e-04
958 1.298465685258138e-04
959 1.298465685258138e-04
960 1.298465685258138e-04
961 1.298465685258138e-04
962 1.298465685258138e-04
963 1.298465685258138e-04
964 1.298465685258138e-04
965 1.298465685258138e-04
966 1.298465685258138e-04
967 1.298465685258138e-04
968 1.298465685258138e-04
969 1.298465685258138e-04
970 1.298465685258138e-04
971 1.298465685258138e-04
972 1.298465685258138e-04
973 1.298465685258138e-04
974 1.298465685258138e-04
975 1.298465685258138e-04
976 1.298465685258138e-04
977 1.298465685258138e-04
978 1.298465685258138e-04
979 1.298465685258138e-04
980 1.298465685258138e-04
981 1.292387395799880e-04
982 1.292387395799880e-04
983 1.292387395799880e-04
984 1.292387395799880e-04
985 1.292387395799880e-04
986 1.292387395799880e-04
987 1.292387395799880e-04
988 1.292387395799880e-04
989 1.292387395799880e-04
990 1.292387395799880e-04
991 1.292387395799880e-04
992 1.292387395799880e-04
993 1.292387395799880e-04
994 1.292387395799880e-04
995 1.292387395799880e-04
996 1.292387395799880e-04
997 1.292387395799880e-04
998 1.292387395799880e-04
999 1.292387395799880e-04
1000 1.292387395799880e-04
1001 1.292387395799880e-04
1002 1.292387395799880e-04
1003 1.292387395799880e-04
1004 1.292387395799880e-04
1005 1.292387395799880e-04
1006 1.292387395799880e-04
1007 1.292387395799880e-04
1008 1.292387395799880e-04
1009 1.292387395799880e-04
1010 1.292387395799880e-04
1011 1.292387395799880e-04
1012 1.292387395799880e-04
1013 1.292387395799880e-04
1014 1.292387395799880e-04
1015 1.292387395799880e-04
1016 1.292387395799880e-04
1017 1.292387395799880e-04
1018 1.292387395799880e-04
1019 1.292387395799880e-04
1020 1.292387395799880e-04
1021 1.292387395799880e-04
1022 1.292387395799880e-04
1023 1.292387395799880e-04
1024 1.292387395799880e-04
1025 1.292387395799880e-04
1026 1.292387395799880e-04
1027 1.292387395799880e-04
1028 1.292387395799880e-04
1029 1.292387395799880e-04
1030 1.292387395799880e-04
1031 1.292387395799880e-04
1032 1.292387395799880e-04
1033 1.292387395799880e-04
1034 1.292387395799880e-04
1035 1.292387395799880e-04
1036 1.292387395799880e-04
1037 1.292387395799880e-04
1038 1.292387395799880e-04
1039 1.292387395799880e-04
1040 1.292387395799880e-04
1041 1.292387395799880e-04
1042 1.292387395799880e-04
1043 1.292387395799880e-04
1044 1.292387395799880e-04
1045 1.292387395799880e-04
1046 1.292387395799880e-04
1047 1.292387395799880e-04
1048 1.292387395799880e-04
1049 1.292387395799880e-04
1050 1.292387395799880e-04
1051 1.292387395799880e-04
1052 1.292387395799880e-04
1053 1.292387395799880e-04
1054 1.292387395799880e-04
1055 1.292387395799880e-04
1056 1.292387395799880e-04
1057 1.292387395799880e-04
1058 1.292387395799880e-04
1059 1.292387395799880e-04
1060 1.292387395799880e-04
1061 1.292387395799880e-04
1062 1.292387395799880e-04
1063 1.292387395799880e-04
1064 1.292387395799880e-04
1065 1.292387395799880e-04
1066 1.292387395799880e-04
1067 1.292387395799880e-04
1068 1.292387395799880e-04
1069 1.292387395799880e-04
1070 1.292387395799880e-04
1071 1.292387395799880e-04
1072 1.292387395799880e-04
1073 1.292387395799880e-04
1074 1.292387395799880e-04
1075 1.292387395799880e-04
1076 1.292387395799880e-04
1077 1.292387395799880e-04
1078 1.292387395799880e-04
1079 1.292387395799880e-04
1080 1.292387395799880e-04
1081 1.292387395799880e-04
1082 1.292387395799880e-04
1083 1.292387395799880e-04
1084 1.292387395799880e-04
1085 1.292387395799880e-04
1086 1.292387395799880e-04
1087 1.292387395799880e-04
1088 1.292387395799880e-04
1089 1.292387395799880e-04
1090 1.292387395799880e-04
1091 1.292387395799880e-04
1092 1.292387395799880e-04
1093 1.292387395799880e-04
1094 1.292387395799880e-04
1095 1.292387395799880e-04
1096 1.292387395799880e-04
1097 1.292387395799880e-04
1098 1.292387395799880e-04
1099 1.292387395799880e-04
1100 1.292387395799880e-04
1101 1.292387395799880e-04
1102 1.292387395799880e-04
1103 1.292387395799880e-04
1104 1.292387395799880e-04
1105 1.292387395799880e-04
1106 1.292387395799880e-04
1107 1.292387395799880e-04
1108 1.292387395799880e-04
1109 1.292387395799880e-04
1110 1.292387395799880e-04
1111 1.292387395799880e-04
1112 1.292387395799880e-04
1113 1.292387395799880e-04
1114 1.292387395799880e-04
1115 1.292387395799880e-04
1116 1.292387395799880e-04
1117 1.292387395799880e-04
1118 1.292387395799880e-04
1119 1.292387395799880e-04
1120 1.292387395799880e-04
1121 1.292387395799880e-04
1122 1.292387395799880e-04
1123 1.292387395799880e-04
1124 1.292387395799880e-04
1125 1.292387395799880e-04
1126 1.292387395799880e-04
1127 1.292387395799880e-04
1128 1.292387395799880e-04
1129 1.292387395799880e-04
1130 1.292387395799880e-04
1131 1.292387395799880e-04
1132 1.292387395799880e-04
1133 1.292387395799880e-04
1134 1.292387395799880e-04
1135 1.292387395799880e-04
1136 1.292387395799880e-04
1137 1.292387395799880e-04
1138 1.292387395799880e-04
1139 1.292387395799880e-04
1140 1.292387395799880e-04
1141 1.292387395799880e-04
1142 1.292387395799880e-04
1143 1.292387395799880e-04
1144 1.292387395799880e-04
1145 1.292387395799880e-04
1146 1.292387395799880e-04
1147 1.292387395799880e-04
1148 1.292387395799880e-04
1149 1.292387395799880e-04
1150 1.292387395799880e-04
1151 1.292387395799880e-04
1152 1.292387395799880e-04
1153 1.292387395799880e-04
1154 1.292387395799880e-04
1155 1.292387395799880e-04
1156 1.292387395799880e-04
1157 1.292387395799880e-04
1158 1.292387395799880e-04
1159 1.292387395799880e-04
1160 1.292387395799880e-04
1161 1.292387395799880e-04
1162 1.292387395799880e-04
1163 1.292387395799880e-04
1164 1.292387395799880e-04
1165 1.292387395799880e-04
